-0.2647612988948822
-0.2472352683544159
-0.24910101294517517
-0.39513030648231506
-0.6594106554985046
-0.6241453886032104
-0.45145779848098755
-0.46312621235847473
-0.44648081064224243
-0.4759846031665802
-0.38143372535705566
-0.40968701243400574
-0.543143630027771
-0.5410577058792114
-0.5548156499862671
-0.24336987733840942
-0.17437408864498138
0.2557855248451233
0.196494460105896
-0.03812418133020401
-0.12626473605632782
-0.1663069725036621
-0.20676520466804504
-0.2687978744506836
-0.18555839359760284
0.002102471888065338
-0.025157950818538666
-0.014475814998149872
0.09125781804323196
-0.03847231715917587
-0.07919161766767502
-0.2729624807834625
-0.3736362159252167
-0.4333763122558594
-0.4108096957206726
-0.08412057906389236
-0.34486040472984314
-0.5907130241394043
-0.5771960616111755
-0.5328607559204102
-0.3989250361919403
-0.48820146918296814
-0.5591641664505005
-0.6718763709068298
-0.7102946043014526
-0.5940009951591492
-0.35704076290130615
